1729
7610 -7149
-543 -2377
-7681 -6439
-5115 -6328
-2755 -4909
4196 -922
623 -6698
-7510 -7424
-1604 2018
6350 6660
-2169 4959
-8958 -5241
-3295 -6874
-8596 -2009
-543 2371
8762 -3409
-1929 -7078
913 -4037
157 -8857
-2457 4317
-2449 -2998
-1902 9343
8509 -5885
5728 1066
3422 7547
-3704 8326
-9017 -4829
6241 -3517
3197 5440
-1710 568
2151 5224
3722 1929
-4121 -7738
-9199 2158
683 -3644
-5314 -9998
-2753 1673
-5846 -7078
5605 -3999
-988 7303
-3544 1917
1127 -9955
-2899 -7334
-6166 -5532
-4950 -9690
3734 -5042
2652 3840
5981 -7333
6228 5631
712 -9926
-6735 8215
8530 6737
340 -265
-2412 -2754
8880 3478
8672 6655
-5951 9200
2354 -4529
638 -6037
5219 9938
-8750 2367
4800 7539
-6137 9397
-2565 9611
-2972 -6354
2080 -6843
5753 744
-341 960
6327 -2947
-1000 9333
-58 -5620
2171 -4007
8241 -2372
-2063 613
8997 -3874
-2602 -7148
2874 403
2232 -1267
-1135 -6386
44 -1534
-2785 -7845
-608 2744
-440 1279
1489 6152
-5968 3650
3742 1317
-9426 7083
1500 -6305
-2366 -7638
587 -7865
8680 -3236
201 7444
-9043 -1558
454 -7611
-7391 7059
6904 4744
-4946 1164
816 2523
-951 -9531
268 -8239
-9466 -754
-850 -2313
-8336 6041
-7443 6871
1849 8257
-6070 3516
-3633 -7668
-3706 1144
-4143 1901
-8590 -829
224 -4691
-1592 -2843
8761 -2389
-1800 1301
-6783 2273
2308 -4030
3938 489
-9296 6354
9814 -3744
-4235 -1398
8769 -2902
-3659 -1106
611 1526
8404 -9879
-6578 -6877
-9275 -6834
-1290 -2749
7778 -1312
-4121 2591
-1856 -1456
2939 -8804
-478 -8763
-9397 -4580
-3059 2048
-2043 -9497
-2852 -992
7296 -5172
-2892 -5245
-7092 -5341
-2373 -9649
-6707 -3083
3237 -4720
-4758 -9379
6607 1058
9440 -7567
-9072 7762
-7971 -2180
2188 -1248
682 -5458
9003 -8153
-792 -6825
1098 8640
126 7087
272 -7292
-8911 -2951
-2109 1009
6134 -3287
-9765 4303
-3900 -4604
6552 -813
-3730 2087
-5648 5892
3407 4971
7884 -9860
-7418 -1945
-1677 -975
1317 3671
-697 -4908
5444 -3557
-6449 -519
1467 99
-4044 4473
-9136 -1591
2224 -3084
3277 3167
-7901 571
-3018 1739
-8408 2222
-9830 -143
-216 2369
-1496 -2448
7246 900
2212 -5297
1819 -5310
762 -4839
-7814 -5846
-8847 -4250
-1354 -4307
196 -2403
-8310 -3385
-2131 534
6106 -2398
-5085 197
-6655 5623
2822 -8076
1130 -9930
-8328 -5680
-7133 -7320
-8306 -473
-6770 -7501
-6457 -5872
-3207 -6306
-4260 9260
-1615 54
-4903 -5973
-5197 -9680
5611 178
-1276 -4753
-37 8732
-6015 8393
-9030 9470
6297 2149
6333 -657
-4039 7463
4203 -9752
-5208 9551
-3884 -7768
8277 191
9924 -804
5965 4444
-9672 -8387
-3054 -2697
-4816 -4678
-7064 1676
-4186 -4456
2642 2410
-65 1334
-3044 3476
-7777 2230
6522 -2072
4354 -6023
2289 1150
-2008 -246
-1548 2547
-1424 -8098
-525 -9977
1672 -3270
-1746 3651
-5628 -7498
-4368 -6209
8877 -1471
-646 -8093
8604 4133
7613 5964
-1592 588
-3475 1874
1403 -8862
-2894 -8664
-4756 3901
8352 5859
-1560 -197
9833 1150
402 -85
-2991 -8355
1134 -8433
2691 2769
-7880 -5792
-1085 -8228
-8422 -6670
-8861 4725
9437 3417
1625 7758
-3520 1004
689 5652
-9497 1577
991 2039
3670 8634
6328 -3542
-2882 8631
6242 -9619
5302 140
-6103 -4246
-7698 -5668
7027 -3524
864 4933
470 -3625
-9111 -3354
6696 -9148
887 -2146
5623 -7157
-3646 1079
-4165 886
-1409 -8093
-1687 3316
-2093 38
8201 6843
-347 -843
1866 8625
-1096 -5187
-3084 -8851
2039 2726
1374 -967
2130 -4103
-1407 9851
3336 -3487
-8211 1461
-2523 -1298
1563 -2678
-6130 -3553
738 -2175
2650 8225
1582 -6865
3299 8402
-6258 -8464
-4803 8491
-7283 7733
1927 -3426
-7549 -443
-1984 -6275
620 -2499
4412 3419
-8103 -2278
8503 -3402
3302 5849
8648 -4843
1389 -7940
-6054 -8562
1529 -6288
-8937 2668
573 -9395
-8986 -2097
549 8829
919 9652
3437 769
-7268 -5929
-7471 2736
2106 22
9797 -5118
3392 -616
-4602 -8372
-4360 1485
-4655 -2100
-740 -2376
-7598 -1849
-3126 -2710
703 -6543
-8326 -3023
-4250 9389
2352 -7087
-1404 -234
-4050 8881
-3944 -4227
-8181 8313
-8904 468
4361 1371
-5822 4939
3268 3888
-5643 -2344
-3993 -1116
-6687 -6084
-7933 -779
-1924 -3548
-3710 -5129
-9897 9485
1433 -9380
-4976 2380
-1635 -4046
9386 -4212
823 9133
-1926 -327
-5350 1031
6882 -4355
-940 -4795
-829 7913
8164 2556
-5714 823
5387 -9581
9469 4685
-538 -7861
-2624 -5691
-3685 5885
-6278 -9590
-8303 1090
7149 8773
-667 -8903
2002 4729
5755 996
-4498 -1268
721 -9484
-5566 1223
-4806 1831
7330 -8960
-9782 -6610
-2744 -2474
2349 -972
2249 1404
-8515 4060
-2552 5466
1460 -4054
5962 -6928
3902 -3867
-9174 9372
-4270 -6405
-8754 -162
-9405 -9018
4858 4410
-4110 -7635
899 7390
-9881 2254
-8890 -2459
-5632 2715
-8614 -1029
-5624 9346
7332 6818
1419 7409
-1111 -9548
6793 6714
7017 -9462
-1878 -6381
-3766 4188
-4335 3841
-4781 266
-1004 -7721
-102 -485
-5013 601
4608 1571
-1274 1766
-1029 2026
4292 -6282
-9900 779
-6399 -704
979 -3270
-625 -8610
-8585 -7798
265 7253
106 2126
324 -8656
1429 -6914
5351 -8916
-3248 477
-9571 -9127
-6916 2424
-5880 2751
-8203 3473
-9288 8000
-7454 -3139
6588 6813
-1810 -8854
3192 6492
4924 -5690
-2248 -2393
-3817 1884
-6397 1816
1160 8672
-1484 2452
2027 -2611
-6075 -5642
-4220 -52
-1427 -9138
-3058 -5896
-5012 -1975
-5708 4384
-2780 402
-8764 5292
-8341 -5575
-5952 -7228
-7266 4723
-5769 -1491
1943 -8637
8756 -3978
8610 -4712
8277 -6446
365 1814
-6305 -8346
-7170 -6246
-7601 -2938
-4119 2936
-6668 3099
-3870 9126
-2724 -9656
1136 5375
-9108 -2227
-4381 -8895
6003 3243
9192 472
-6911 -8823
1242 -2881
-9963 -8138
3739 -9917
4500 400
4195 3243
3681 612
-3209 725
7721 7031
-3330 -2718
-4547 901
1552 -4395
-5146 1000
-7695 -9352
-7532 -5860
-8931 -6433
8631 -1088
8579 -9295
5522 -5217
-6249 7621
397 1168
-4541 8073
-5558 -7398
-8706 -8376
-4422 -1060
4287 557
-4175 -1619
-8685 -5309
-9065 -9889
-4754 6944
-1728 -5623
702 4993
-4545 -5563
-1722 2967
-5066 982
-8022 -7646
6417 -5713
-4026 -6083
-4140 -8464
-2396 -5286
6161 -2446
7150 -8433
-9569 -5146
704 7218
-4729 1496
-9310 513
2817 -7750
1397 -1435
-6305 -1698
4555 4984
2152 -9597
-2596 1060
-1272 -2251
3349 8910
-2747 -6194
-6956 2387
-3979 1409
7218 -1839
6063 1977
-8128 -3383
-7009 5821
7606 1571
9182 6710
2791 -3052
9089 -4044
-2887 -2468
5808 -818
8116 -1710
8026 9353
-3784 -188
8231 9851
-2124 -5191
-5458 -6063
7476 6810
7657 -3475
9915 -368
-1339 9716
1521 -1041
9662 -9241
-9761 3348
203 -113
-7783 -8917
8214 -9729
-2086 213
-3857 -2667
1462 8615
-3455 -6463
9772 -7306
2244 3913
-8068 -6318
-5099 -1300
-968 -4752
-4157 1317
8988 2285
5771 -6413
-6270 1519
-8793 4087
1618 7502
898 -2723
-296 -7533
-7793 -3041
-7464 8704
-2534 -1690
5510 8369
-5825 -2222
-7151 -8127
-8837 9980
831 -400
-768 4730
-5185 -5757
8236 -1565
2363 1292
-6437 -1485
-1907 -8884
-2628 -6607
3795 -7689
-9054 -528
-8858 3158
4412 8275
-7961 -3598
-3480 9012
1819 -8592
7331 -4730
-135 5528
9123 -8903
4833 -7237
4233 -801
-4592 7508
2641 1869
-6255 -9586
2060 9699
-9322 4774
5456 -2384
7 -8014
-1682 -5648
-6279 -2558
9989 -5705
7619 4774
-7563 4594
-5746 -9743
-6890 -5236
-1333 5468
-9846 2126
9545 -3378
2800 -5653
-9369 -9190
6906 2395
-57 970
3362 102
-9885 4891
-3432 -9116
-444 -7320
6431 -2654
-8879 3084
-2503 7560
-9403 6018
4384 -8423
-3036 -1393
4375 -8646
6095 98
-4928 -2346
-2634 187
-5233 7265
-5874 7018
-9346 -2852
-989 2969
226 -967
-2352 2157
-2242 -2145
-5780 -88
-4489 -8336
-5401 -8877
1737 -1111
-4139 -6341
-3816 -3863
-8982 2713
553 9462
-3641 -2186
3249 -9252
-5132 654
-1075 -6760
-273 9780
-7660 -2155
4580 919
1483 -8524
1533 5764
-4072 -3247
9371 -8340
-3207 -9981
-1946 -9272
2389 -7452
449 -4678
-5134 1715
-7262 -107
-6359 4406
-6015 1855
-168 8835
-914 -6955
5175 -8511
3272 4560
-4820 906
-8533 -4696
-8126 -6668
2666 -7434
1240 -7439
-5506 -2082
-2058 83
2397 9325
-9691 9556
-1810 -7681
-3552 -619
7932 2212
5093 357
4937 -2589
209 9253
6821 288
-5205 -7959
1759 5658
-8769 -1279
6875 6552
-7634 -9927
-2843 1958
-7453 -2178
-3259 3898
6474 -4830
-1804 -2084
-8612 -8062
-9426 1093
-2434 -8730
-6616 9991
2603 -7224
-7037 -2451
-9201 5049
97 5348
-1675 8128
-2665 6875
-6941 7620
-8187 -729
-2107 2732
-8158 -2934
3015 3941
955 9205
7399 -3771
414 5643
170 8237
7089 -3481
-499 -5644
4073 -8127
-9665 8833
728 -7410
-6066 -5351
-4282 -7130
6271 -998
-7517 -4023
-3422 -8633
9628 1860
-2043 -4475
1228 -9903
2632 -8475
597 -5379
8656 -7804
-8561 -2035
-5504 335
-7296 -2365
2309 1034
-1075 -4706
817 -9037
-593 -8351
554 -477
-5782 9589
-6812 -3531
-5030 -9840
2156 -1686
2030 -5800
-1082 2219
-8326 1795
-8390 49
-8856 -543
5930 -6750
-9489 -1316
1224 -4739
5447 5534
5413 7639
4891 1940
-2707 -6778
-6913 82
1521 -705
4612 -5609
-699 9435
-7062 -2414
75 -480
-8394 -5755
-9553 2973
-827 -2487
-9707 2453
4863 -2285
-7280 4927
-9617 -7691
8916 365
6065 -824
-9298 109
-1043 4360
-8173 -9939
5476 7520
-6858 -5246
6248 2184
-8098 -1942
-9775 -7636
-2281 8111
-8787 -3345
-8409 2415
9463 3504
-3035 -6117
-692 1548
-3803 4413
-5766 -4060
598 7230
4410 3488
-9200 -6970
-3649 3060
5800 1637
815 -2079
-8889 -7951
306 2623
-5030 -8655
585 -7205
-2486 -1734
8192 -164
-274 7480
-1177 1642
1344 -1521
-7427 -176
6862 4834
-5874 8225
-7342 -4108
6208 601
-7772 -6579
-3480 -1114
-3602 -865
-6270 6503
-6816 -4407
-7744 6003
4965 -5284
2338 -3427
5142 -7427
-3449 -393
-5107 -4693
-29 -8267
-5027 -2559
-4494 -6509
-3008 5917
-4116 281
7440 -6750
8730 -9442
8443 -1766
-216 -8437
-7663 1441
1595 -1183
64 -5634
-7708 -3106
4642 -2477
6677 4923
-5100 3832
-3884 -6886
-9526 -7230
9742 -3329
3682 -4502
-9138 -4452
-7946 1931
-626 -6351
-1162 -8308
-7603 5907
9077 2047
-4383 -9300
-7389 -600
6927 -1020
-4741 6658
6105 -3233
4797 -193
1943 -1273
-9953 -1649
-951 -692
3519 2147
-7668 7624
-7715 -5455
-8597 263
-6073 -5797
1208 -9049
1812 8236
-1029 -7491
-7307 9890
8682 -7367
-375 -6958
-1702 -7062
-4464 -8664
4725 9413
-2333 -7858
-564 -5662
9281 -4273
-4946 -3417
-5587 7677
3258 4969
-3498 -1648
-3342 -5808
87 -9361
-975 -9669
-4224 -8972
-9826 -4572
436 -3221
2209 -763
-5482 2715
1909 1019
-9859 -856
9630 -4535
-9809 9528
-3267 -2496
-9683 6645
-62 -6274
-1429 -3694
4898 5365
-6492 3090
-8598 -5586
-7925 5893
-5806 -1747
5989 -4364
-3883 87
-1643 -7713
-9952 8241
2647 -5211
7688 9482
4689 -9116
-287 -2916
-8057 5505
-5299 -5041
-4177 -1877
-3279 5822
-2716 -6309
-1714 6398
1023 4382
-4593 -227
-2590 -42
1023 2376
-5418 -3714
-5827 -6449
-2344 1549
-78 -1588
432 -2212
-9023 -8510
-3166 -181
-5408 1250
-1304 -1023
327 4692
-544 -6253
2887 3156
5730 7047
349 4731
-4107 -9479
-8282 -8384
-8990 -3938
5653 -7266
-3992 -9369
899 1208
-5710 584
-5082 -5958
902 1114
2149 2113
1312 -6371
-9749 4414
-4642 -5630
-3333 5719
4061 6792
-8733 -8817
-6236 -4859
-3213 -5912
-865 -1912
-6737 -5115
-8625 -5252
-1021 980
6816 -5264
-6665 -5236
1819 2421
-6300 -3244
-7459 7495
2278 740
-3000 4336
-654 -7952
-2440 1641
-3255 -9502
-9351 -7934
301 -5305
1367 1188
-9580 9645
-2507 -2955
-9221 -9462
-6686 827
-7331 833
-6070 -8955
-636 -4223
-7831 -1657
5759 -2801
5381 -7772
9973 -2971
9756 -5263
1080 9051
-8230 6583
-7106 2501
400 -5159
-6516 -36
-6301 -6761
-7757 6850
-7231 -2669
-8768 -3872
-6663 -2510
4750 -2222
1962 1828
223 3398
5404 9831
-9685 -7520
7855 -5655
2136 -7934
-4815 -7282
-6549 1802
2612 -4655
-2082 2109
-7841 -3283
-3502 -3422
-6621 9534
-2489 1682
49 -6237
2026 -5553
-7094 424
2605 2257
2039 -9566
-4067 -87
1050 -6151
6257 -7456
-8219 461
1886 1055
-1942 -3118
-3405 -7115
3410 670
1537 -3916
-1902 -6619
-2598 765
1370 -6622
-8385 -1762
5200 7257
-5518 -2759
317 1595
-3821 -7770
7750 6217
-1111 2331
-1954 -5923
-865 108
-8454 -8475
-206 9646
-7483 1489
2536 352
-4748 2704
1443 2731
4669 -1419
2197 233
2724 576
2070 -411
-9130 -5926
8660 -9663
-9958 -4927
-9877 8286
-9468 6565
-5611 6807
4331 3698
2436 -4177
-4322 -2929
-466 -7636
6227 -7386
-729 -2524
1216 357
9013 1207
-8658 -9019
-3776 -7843
-4534 137
-759 994
-2467 9160
221 -9426
4159 6895
-9367 7626
6887 -9823
-3152 2624
9159 6816
2523 -6270
-9450 -47
9009 974
4045 -1574
2791 -1135
-1098 6959
-9255 41
4865 782
345 655
5209 -3192
-5913 8213
1143 -1695
-2589 -1268
6133 -7143
7231 106
2054 6092
-4712 -4246
9732 -4393
-4890 -8557
-9910 -452
818 606
-8604 -3416
-8696 -46
-6269 -8717
-7347 1010
8341 -8537
-5966 2458
2068 4
1450 5990
-1795 4292
729 564
-3707 -8229
941 -7798
-5497 -4415
-559 4251
-9183 8147
3103 -7546
2336 -6954
-4554 -9153
9560 -4354
5100 -398
-6887 9998
1478 -6586
350 -7296
-5658 -578
1224 3848
-9179 678
-598 -5004
-223 -4532
-7962 -6217
-5960 4236
1593 8454
1749 1201
1682 -7038
-9110 -9479
7144 1079
-6817 -3560
461 -9435
-6454 -5505
-3299 -1379
-2368 -6785
-8548 1550
-533 6600
4511 -2656
-8579 407
-1271 -3552
-4413 -4912
6777 670
-1187 -504
-4158 -5772
2765 -9914
-356 9064
7886 -6005
-4999 275
-6297 -5873
-4262 -4061
-7808 9550
-1790 -5763
-5036 -3901
-7957 -5337
-3480 6036
-7048 486
-133 8270
7403 963
2911 2450
-6792 -9068
-4697 1200
-6950 2584
-6016 595
-2203 -5246
1125 -418
9371 4345
7149 -3531
8962 -5057
-9752 7487
-6442 -2927
-8789 -6167
3995 -3153
-1624 1327
-8202 -7459
-3550 2103
-6915 -3255
1215 -9473
-1045 -6642
-9954 -7432
-2567 -8648
-5909 5906
2345 5032
-112 -8293
389 3514
-6033 6850
-4856 -2106
-9043 -3327
-4102 -92
-5519 -7654
1122 -5420
4558 1888
-4937 -9540
-5987 -3655
3480 9075
-2641 4867
637 8702
-4479 -5771
-7763 -4840
8817 8232
-8847 4920
-6129 6358
1257 -8051
6712 -2879
1917 3629
3423 -7273
-5097 -5009
-8308 -6764
4112 3221
2922 -2520
-3353 -8305
-3460 -5093
-3879 -3908
-8720 -1009
-5011 6161
-1097 4869
9136 2015
2355 -1278
1953 -4432
-2319 -5325
-6547 -7374
3385 -5586
-35 3191
-2204 -6565
-7282 -3172
1806 -6700
8546 -855
-3540 -2967
7349 697
-896 -3130
-6157 -7333
-2166 -4327
-6872 -2761
9217 2735
7352 -6187
2402 5758
-5040 -1670
4424 2664
8732 -2667
3837 7774
2587 -103
9168 -9053
9328 3627
1480 2515
-4070 3743
1368 1700
3174 -3651
-7373 6092
2211 -9078
-5567 -573
406 7717
9363 -3510
1807 -4401
-5996 3276
-772 -8466
-2656 164
-6435 4468
8153 1951
-5256 -6693
-4712 -5981
-9010 2644
-2143 4017
-8115 -5151
-1446 4039
839 -5953
-2915 -5784
2435 -7416
-853 4384
-6957 -6665
-8540 -4637
2310 -275
8565 -8555
-6978 2164
-687 -5456
-1084 5090
9827 9441
-7429 -5599
5762 -1261
18 1773
-6394 1585
990 -1123
-806 294
9288 5221
-4941 2183
-4766 -3365
-8160 -8653
1664 6265
-5693 -9542
-2459 -3038
607 1340
-2277 -9848
-7471 -9165
2695 8366
-5852 8564
-5092 -2230
640 498
-1681 -6131
-5341 5859
715 5637
-5806 1255
-1370 -2589
3762 -3034
1043 -2983
-7598 -870
7386 -9274
-5365 9965
3717 -4363
-9845 -2813
-7396 -8222
-4978 -3269
2259 -545
-7537 -6062
3234 -169
2013 -9271
-9002 8113
209 -4567
2694 5462
-8449 -7036
2568 -7882
1707 7389
-7963 -4024
-4130 -5878
3978 -2575
-2279 -8359
2752 9767
6729 -207
7839 -7818
1212 -2470
-2945 4387
-2797 -4736
-7217 -4337
-6056 -4524
3337 2942
-1358 -1069
8421 -5096
3798 -3445
-9810 6512
-5504 828
-8814 -1565
-7037 -7429
-2723 -5725
-9443 -5155
-9752 -4427
8974 -3407
-4146 -8648
-6421 366
4320 39
-6130 -3696
-8775 9889
-8592 7773
-844 -9785
-7654 4877
9757 -7675
-5736 4873
-3611 -748
-1521 9747
-4934 -4865
5201 -2169
-778 -315
9934 -4928
6615 -8641
9133 -5283
-8849 1731
-4356 -4698
7933 -1304
-4668 170
2620 9930
9280 -6934
-4902 -9776
7407 -5636
-7605 -6964
-408 -2904
5919 -7165
8462 -297
-6511 -5618
-6236 -626
-8926 -7072
-734 5845
4422 -4502
1481 -5988
-2979 -5893
-6700 -2656
-7740 3595
-7985 -6773
-7443 441
-7508 3482
1452 -9389
9876 3779
-5612 1911
8315 -2506
1218 5496
-8841 5603
183 -3069
-8750 1820
876 -7933
7390 -1859
-8735 4289
-8856 -7863
7126 560
-8240 7159
4926 -9976
-1736 -5811
2033 -4623
2235 -9653
-5759 323
-2623 -3989
-7665 -5173
-6160 1255
8574 -5104
2532 -8740
-9912 3671
4866 3086
-7343 -8540
1033 -372
-903 610
6283 -6410
-8555 -8859
-1893 1756
2048 -4371
-7706 -5720
-9842 -1618
-1561 6142
7905 -8786
86 -3709
96 -7601
-4799 8860
1700 -1490
-802 -6055
-5899 1258
-7457 978
117 3337
-3929 944
571 -617
-9956 1999
-1598 -7759
2237 -4478
1571 5985
630 -7912
-3711 -6070
-1870 -7938
579 -8793
8752 4325
3719 -945
-3303 -7259
8789 -1092
-9039 -2110
7730 -8468
-4596 1806
2742 -8376
-4957 9583
4672 2051
-4729 -1822
-2872 -3548
1558 5824
-8555 2056
-4469 -7616
-7695 -7327
-5446 6206
4217 -3484
4700 -7110
8057 1986
-4856 -9084
5080 -3275
-413 -7081
-7920 926
-6822 -5821
8960 -7668
-9907 -2257
-3611 9919
-7602 5406
-7065 -2131
8106 5234
-6000 -2267
1383 -9169
-3134 -1933
-1201 -9727
-2007 -8508
-5877 2848
-4625 -2518
-2284 -6509
-2545 7170
9158 -1229
4972 -4301
-8041 -2286
-797 -2822
38 9435
381 -7612
-7305 8283
-6390 -9253
8190 -6624
-4597 -7611
1145 -2303
8366 -4759
-125 -4673
191 -9964
7143 -7573
5885 891
-2126 -7576
-7989 -4798
-5620 -7023
-9208 8604
-9529 -2946
-8223 -9100
-71 3363
-6171 8427
-6969 -8742
-838 -4798
-3389 -7869
-9074 -1061
-2056 -9464
-4368 -4037
-6526 -2746
-8096 4979
-8381 4745
9444 2623
-8108 2582
3901 -7538
-135 -6513
-7590 -5340
-4072 2003
-4501 7068
-3093 740
-6920 -110
-3372 237
-589 640
-3183 3972
8939 1735
1648 -2036
-734 -5328
1796 -6882
2241 -8749
56 809
7723 -5096
1795 4503
-6832 -803
-6626 -7342
-5789 -6376
-7310 -8601
-5075 -5892
6421 -1623
-7069 9057
-4842 -1095
182 863
-6217 1477
9866 -4133
2747 -6225
969 -4122
8224 560
7896 -3870
-3826 -3587
3306 -3993
432 7944
2004 -5371
-2109 585
9762 -7446
-6067 1535
-3576 -282
-2032 -2543
-3270 -4403
9631 -1126
-6880 1276
688 -9275
-9276 -7200
1235 -2795
-722 -7468
-8606 -3927
-622 -7446
-935 -9826
-7096 44
7431 -1036
-6211 7586
6437 -7307
7432 -1194
423 -3244
9856 -3081
6129 -3533
7660 1499
-755 -5945
-6726 1513
-9510 -9728
-1292 85
-5050 1955
-9233 -3891
-7745 -8646
-8154 1108
-6362 -9488
-9496 -1395
-6075 -6539
-8979 4859
7874 8
-7410 -9914
-459 6422
3029 -2208
-553 8862
4915 3016
2876 -5481
-6063 -113
-8254 2004
5225 -2855
4010 7655
-8714 -1977
6246 -7485
-5463 -6253
5716 -4858
1470 1531
4778 -3497
1870 -9215
1618 -3859
3526 5458
1432 -911
-5225 -7418
-8158 -2204
7471 -7384
-1441 3011
-9431 2103
-637 -598
7360 -7733
-5902 -9961
7818 2651
-6149 -8495
-3261 -7937
5767 -2231
1926 -5486
-2095 9951
9892 3226
1048 1992
-9650 -5781
6323 8718
-1739 -4855
-4891 -2151
-7019 -2771
4370 2157
-7348 -5719
1744 -236
5105 5391
9697 -5059
-8765 -4113
-9888 -284
-2944 -33
-5031 3572
-680 2177
-6753 -2933
-8032 -4865
1816 -5474
-5525 -8838
-7013 1628
-6826 -797
-6658 -2665
1731 -4215
7305 -4928
-472 -5387
7343 306
-344 -750
1725 7730
-4541 7346
403 -4811
-9014 -7028
3156 963
7254 -3190
-3463 -7845
-6503 -3294
1194 1079
-9772 -1021
7151 7120
-7157 -845
-2620 -731
-8490 -6602
7436 6617
9305 754
-5305 -1190
-7369 5585
-9945 -87
-6718 -3066
7775 7031
-5034 -5005
797 -4531
-3609 -8757
-6630 -9297
1592 -3757
2159 -447
-8243 4655
4906 -7638
-157 -902
-1119 -4648
7774 -3115
2214 -9499
4132 5124
-6436 -2983
5513 502
1513 -6993
1161 -4124
7629 796
6205 1051
7794 5550
-760 -579
-4253 -2095
-4846 -7868
5762 5976
-3849 5033
4373 -615
6336 -5212
417 8122
-3342 5141
-5638 -4533
-5499 2467
-3814 -8364
-9736 -93
-8912 -9679
-4797 -2469
-7078 6747
-6482 -8793
-906 4072
1696 6555
7701 -7722
4890 -1206
-5135 1284
5477 -4345
-2687 3073
-8567 -6454
-1397 1161
-2017 1206
1017 1741
-470 1817
-8209 -5773
4865 -4493
9083 -4034
368 -2502
-2834 -4817
960 -9220
-4118 -8788
-9420 -3289
2333 544
-5098 -8666
-1683 66
-6415 -7475
-1004 -3077
1216 -8713
-8433 9922
6278 -6003
-1391 -5909
