4104
-4707 4692
-4644 1836
-9035 -1539
4235 -5307
828 -6092
4548 -7651
1922 -5768
123 -2256
1958 -3336
-2061 -320
-9394 -5994
-5610 511
6871 -245
-7862 -369
-1302 -6389
-5984 9735
-5552 -9078
-9682 -359
-8697 -4992
4223 -2318
1941 1801
-631 -3742
-7780 -2448
-4864 2621
143 -179
2217 7553
1156 -6868
-4079 408
-9046 -9584
1471 7712
-8355 87
9640 -5142
5656 960
3330 -6816
3690 4843
1114 -5878
-4243 -3744
2186 -7309
2642 -7054
1669 -1817
6689 1733
-7275 -5665
-7200 -2802
5191 3425
-8239 -5638
-6203 -1726
641 4114
1061 -1683
-866 1277
-2369 -759
-6775 -8058
-8827 -2123
-7732 -2817
5294 183
5774 1927
-8940 -3082
-2140 -7128
-2689 1284
1034 2372
-8736 -3904
3411 8049
-4829 5179
-9410 -830
-3969 -9414
-8343 809
7375 -293
4106 -6406
-3738 2619
-6437 -4111
2975 2391
-1162 2710
1939 50
-1822 639
1967 -9066
4300 -5705
8804 927
-647 -2370
2560 1876
3803 -718
9598 3639
-4510 -116
1466 7135
-9291 7629
-1689 -316
-1086 7835
-6812 2555
-9070 -7641
-8692 -2462
-6816 -8943
-7027 7551
-7093 -9778
-229 9156
1290 -1047
-5082 -299
-5536 -8217
-4822 -1811
-3311 1295
5254 894
4819 -7574
4847 7447
-312 -9049
-4123 107
-373 6787
1765 848
-3319 -1849
-5247 -3323
1810 -4814
-8274 759
-8049 6488
412 -4890
-5833 2859
-8213 -3548
2333 -8007
540 -8995
-2676 -330
-3771 -6979
2742 -7140
7434 -4241
-9464 -8624
-2328 -9822
-3741 -5433
-749 1745
-3865 297
-2173 9986
2320 2709
-3574 4142
-8091 933
-7031 3843
7759 8627
-8892 7079
2055 7131
-7117 5022
-4045 -189
699 -818
3283 -4103
-7172 -5535
534 956
2091 -3158
5650 4445
-3165 -5716
9940 -4057
-3208 -6505
1333 -6723
-3827 -7180
-5138 -7997
4422 -3389
4717 352
-864 -4734
1000 515
-9504 1329
-8943 -413
-9975 -8619
6379 -8949
2578 -9894
-8004 -170
2039 -1860
7844 -4713
4558 -5017
-6515 -5060
6141 4573
1027 5395
2699 -7784
8421 5422
8308 2609
7804 612
865 3809
-2772 6072
8727 5637
-2774 6590
302 -1369
-243 -8038
-9371 2011
2855 2923
-780 7239
-3179 -5719
451 -3737
4661 -9301
-935 -8369
920 7276
-2377 1874
7320 2670
-474 6115
9804 -6017
-9842 -7621
-774 -6532
233 8026
-7380 -333
-5673 2321
2822 9037
2259 -7681
-1098 -1492
-4955 -6214
-9267 -2191
1402 -7824
142 -1374
-2863 3855
-8476 -6582
-3817 7330
-5799 -4735
-6090 1021
-2140 1741
7625 91
-2782 2313
-4013 9765
-3384 -4795
-8399 -8138
-2536 4302
-6835 -9923
-301 2479
1268 1827
-9650 -7272
-8566 -850
-1049 -5185
9757 -8347
-6759 -4827
-2057 -3052
-5905 3930
-1352 8978
6518 7042
-1469 -3455
1366 -71
1623 -7370
418 -7274
-3582 -5958
-6962 2925
4977 8144
-2944 8919
1770 -3976
-1910 213
2846 -6061
-5609 -493
1977 -7416
2692 -3286
-1316 1190
9201 -7384
-7826 -1941
-4776 4180
1454 -7963
-5219 -148
6475 -2217
6022 -175
2520 9342
-6195 7078
-8838 -4683
-3244 -5643
-7197 3093
-3015 147
2405 -3679
6666 933
2335 -4415
-6950 -7198
3804 -3252
-4331 315
-1636 1548
-2256 -4935
-9390 -6787
-5052 -283
336 3223
-4611 398
-6240 -4468
-8978 2758
661 -8557
-9464 -3250
-2623 -250
-9942 -7341
6184 -5559
8794 -5319
2068 -8980
-2635 -9608
-85 -3949
-8860 1059
1694 8212
-8400 -2864
6851 5473
-4297 9845
3781 2214
-2017 -3216
-3333 -3563
1963 -4949
-3818 -5728
3468 6589
-9505 -377
-6503 -8588
-6016 -4749
-159 6161
4577 2786
1440 -6155
-105 6628
-143 -1989
-296 4133
516 -4763
8274 -3124
8528 -9732
284 2339
-2710 -4206
8173 7256
215 -117
4748 -7421
-66 -3301
-7833 -9143
-191 -9231
40 1344
-243 2740
3749 6580
784 -2035
-7017 -7638
-8692 -8602
-115 2532
9033 -6031
-7038 -8700
-1745 -8660
8300 2036
179 6627
407 -1820
-14 -746
-3471 -4779
-1156 -2947
-4025 9207
147 -694
-8144 -5074
-5227 4014
2760 1210
-4107 4766
-8672 3702
-335 -4425
7060 8897
5696 1824
-8419 -3780
-8502 5071
-152 884
-4292 -7826
-7418 -5536
-4293 319
-7034 -3795
-4231 -7746
1184 -5512
-9529 -1594
3251 1307
-2198 4023
-6318 876
-5615 -5833
9689 1986
-2139 7926
-8601 -3846
-3903 3158
-7033 -9735
1029 -9206
-3025 -3790
-5978 1726
-8116 -2709
9960 -231
-4003 -4869
3086 7550
1728 1174
-5871 -3303
-1910 -3955
2640 -3176
-8357 847
-2361 3639
1201 -3084
4163 5760
-6660 -6212
7284 -3469
-4654 -3181
-5404 -9565
-1021 -7464
-2073 -8351
-1073 2687
-9452 2013
-9161 -5549
-9549 -1910
8530 -7296
-5097 2018
-1535 8112
5325 -3734
7269 -4909
6902 -5322
3759 -1499
-4014 -3120
-9992 -5845
-9667 -235
786 7134
-7713 -7296
-7329 6187
4574 -5172
-9247 -5638
-8553 -3180
-5423 -2450
973 -387
-621 -1236
-1375 6423
1482 -9537
-3454 -4129
3464 2108
7750 1577
-9431 2049
2394 7196
1985 -8605
3063 -6178
-1709 -5527
-9322 -9582
5316 -2445
-794 350
-8593 -2913
-6629 242
57 -1556
-120 2502
-4216 -4608
-880 -9468
-6320 1896
-6630 -8026
-7762 -4161
-5341 -96
2008 7984
-2312 6433
-8619 -7649
2628 -4329
361 261
455 5617
1492 -4518
5640 7624
8156 -391
-3924 -1024
487 7134
8904 -1525
-691 -6958
1043 9968
-2483 -7637
-9665 9226
-3264 -2547
2698 -4717
-1333 -6634
2448 1635
-7367 -1703
-669 -6060
-7096 9481
-2115 -6520
546 -7400
-8395 -9140
-6801 2752
1201 9214
9 -9694
-9157 -7538
-7184 -2802
6423 8961
-8737 -62
340 -1572
-289 -7434
-8511 -3713
-838 3671
-2623 1647
-685 -6510
-7070 920
-9452 -1580
8267 -749
-4568 -4720
-428 1957
-886 -8128
250 744
-931 -8113
2643 -2930
-98 -1001
-802 -5534
-5865 967
-6177 -2702
-4874 -4793
-4758 -1622
-3 1726
5694 9986
-6534 4884
-268 7484
-2310 -748
6904 -7162
1946 -4492
-8617 -7193
2814 -2216
-263 -4329
645 -7757
-1966 2543
-67 -8912
7315 6500
-9549 -3151
2054 7086
8750 -8395
1050 -9586
-4483 -2305
-2917 -9489
7149 -2059
8806 2155
4735 -1434
-3461 -3439
8954 1135
-2220 2118
-995 704
5781 -4885
9624 -3046
-9147 -4579
-1253 -2340
7740 4034
-9490 2047
-9571 1634
-2333 -5090
8806 -3404
5513 -9414
4677 7132
-8765 -5411
-114 -3375
9689 765
-7670 -7613
-1364 -7772
-9518 -2052
-369 -5907
-2884 -7482
2837 -2639
-9291 6030
-4186 708
-944 -5528
-2666 -7527
798 -3756
-7145 -9299
-5058 7455
1645 -8830
-9769 -3540
2818 -1302
7204 -2316
-2052 -9144
-2417 -9876
908 1233
-5727 3175
297 9720
8472 -9573
-3044 -3253
2106 -3320
1148 -1320
-1942 -1194
9309 -6700
-6183 -5794
-155 6557
-7906 5612
-8257 -1538
-7223 -4925
-8204 1907
2708 -8734
-4458 -1394
-2949 -3066
6846 -8071
-4050 -6576
2905 8061
-380 -8760
-7809 -285
1298 -286
613 9368
-1763 928
-8301 -8650
-9204 8632
-73 -7679
-5086 2392
4251 -5873
-6646 -5689
5685 -6516
2899 5805
5726 764
-1762 -6538
-2842 -5950
1590 -238
-4474 -5887
-9664 -3359
-1899 -1375
-2766 -7442
-7713 -5963
-7095 -3847
3666 -5958
-1194 -3911
8603 1378
1657 -30
-6447 -9198
1360 -6813
3856 -9111
6769 7827
1577 -9918
-8201 -6450
-104 -7237
2394 6106
407 2295
9794 -3505
-6863 -4543
-1444 -650
-2376 6130
-402 9552
-5413 -8427
2696 -4965
-7502 8073
-8069 -2287
-2628 2087
8687 -5647
-1908 -6972
-6641 -6398
8799 4441
-664 -2059
-8239 -9662
-5773 4299
-5007 -3965
-1938 2711
-3470 -175
-1007 -1372
1155 -5648
-2113 -390
-9599 473
-6564 3869
-8374 -6273
-9761 -3049
-5770 -5966
6568 5080
-3358 3043
435 -3013
7533 -5783
4333 4458
7815 -7613
-8090 -8732
710 -4897
-7512 -9442
3706 7867
-8408 1576
-6492 -9782
186 4146
1187 -4167
617 1774
-9649 -5326
-8953 2839
-7415 -5183
-4862 -301
4850 6901
473 -4843
-1989 -4823
-7539 -3866
-2211 -6556
3835 -4955
-7606 -6307
-7192 7660
-6332 1027
-6946 2421
-2931 -9219
8119 -643
-7586 -9203
215 -1336
2236 3898
-769 -2459
-8024 4558
5726 -1261
1205 -7043
9483 -3804
-6241 -9401
5041 -6815
8283 -1472
-4822 -402
2793 -5714
-4369 -7728
6737 -6702
-1554 2476
-6323 -7477
-2562 -4271
7651 -5993
4207 8057
-2761 -2372
2501 -5524
2238 4934
4615 3654
-7019 -7246
1906 1306
-5581 1418
-3020 -2025
5628 -3279
-9162 -8566
-7592 -3998
7481 9988
5763 -6828
5412 5213
102 -479
668 -3432
1798 -1945
1462 -3127
2396 -2866
2441 -3211
1573 363
1256 -5639
-4165 996
-562 -1618
-7485 5493
9850 7339
-24 3859
-9794 -5941
-6872 335
7858 -3087
-7155 -5603
9390 7241
5183 982
8760 -6479
-2279 699
-6117 8888
9561 -4613
-9063 2533
-4293 -7914
-2655 2491
-6136 -734
-668 4348
-8213 -274
-2683 172
5828 -7962
-3248 -2441
-9951 -9514
3021 -747
-5782 -4174
9876 -7220
2395 -2570
-1662 -7913
-5737 8521
7053 1863
-2501 3559
-6027 -1945
-8783 -7328
5276 3748
-2297 -1189
-6921 1580
1215 -8353
-7675 9110
-3832 4755
4383 -9373
-5907 739
5777 -5597
-1876 1478
1545 6299
-1399 6431
-499 9157
-4412 -5055
-8303 -4935
648 150
9161 3755
-1498 1441
-2532 -2379
-4990 7427
-5862 -7850
1035 -6245
943 -5605
-9935 -4623
-8776 2301
-9710 -6187
-587 -2485
-1674 -9949
-800 -151
6332 -9110
-9698 7897
3828 6573
-6509 -486
-8594 -6934
2331 -4594
-4237 -5319
-2762 -3040
9235 -2537
-7965 -4795
-7010 8132
9232 -9918
6263 4361
-271 -497
2022 -3714
-1905 6299
2541 -4373
6979 -6832
797 -1682
7332 -4136
8393 -8516
4156 8127
4859 -9781
-7838 -3717
-5434 9903
-60 -54
6557 3363
-3390 1051
-2910 -2901
451 -656
-3360 -3688
3618 3329
-6531 -8724
-9207 -6427
-8341 -3970
2465 9037
-2114 -7616
2377 2289
-3485 -5953
-5691 1487
46 8523
6041 1585
-5484 -296
-1578 -4561
3035 1123
-8589 -9804
3662 -2727
2528 9925
-9642 5077
983 -7648
-3419 -9208
-2763 -2271
-8011 3806
2760 -597
-2223 446
-3736 -6363
-7630 -9645
-5334 -830
-8244 4521
755 4870
-886 -3815
-1846 5766
-4297 7817
-2926 1999
6430 9389
8662 -8407
6869 6259
-8986 -2435
-9674 -8322
1249 -7403
1294 -336
-2829 9028
-7015 3086
9249 -474
7694 -6081
-3742 -3800
-1514 -5611
7024 7531
-1789 -7441
3295 -379
-6945 8926
-4882 -4375
1123 3750
-1348 1096
-3799 1511
3965 2776
-221 8989
2733 9812
-5747 1221
3395 2788
-9888 -7262
298 -5090
-5399 7422
-7156 3053
-8838 3156
5488 -1903
1888 -6482
-954 -5145
-9227 -8374
-5664 -7733
-3402 9475
-3869 -8613
-2921 -3859
-4162 606
-9483 9920
-4645 2404
-7604 7321
2036 -5521
-949 -2371
9543 -6797
-8795 -5536
1740 4122
9961 -9114
5479 -1460
5620 -5785
-5030 -9747
-6747 -8680
-6851 -6810
-1199 -4121
-2992 -4280
-9127 -6073
783 -401
7993 -7250
-2809 -5756
5410 -7525
1225 6629
2282 -9925
5628 1321
-5406 1101
-4840 5406
-4472 -2651
-8751 -1610
4350 687
-4944 -3742
-5541 -1067
-8824 861
2561 1410
-25 1676
-9585 -1625
-8564 -3996
9239 -995
-8904 -1940
-4366 -6611
-9944 3013
4019 -3411
-6526 -1432
-4039 -4404
429 4174
-2711 -9201
-698 9206
-6372 -2467
913 -8574
-5195 1816
5100 2019
-2923 -8787
-4694 -8745
9778 2158
-9153 -4465
-6363 -7299
-9353 -554
1220 428
4908 3375
-4784 -7741
2488 -2434
8687 -8926
2439 -6038
-6820 -121
-6799 -7487
-1187 -6446
-8730 -3748
-5611 3624
-3478 -4347
-4516 -779
-7036 2103
4268 1652
2354 -7740
93 2516
-3105 -3203
1651 -2317
-8809 -7315
-1162 -7794
-3270 -1466
-6109 -4323
7120 -6623
9473 9081
-1764 -1152
-1802 5631
2132 1783
-3205 -1863
-1584 -7574
-9971 -1221
2848 -8904
-3482 -9365
1507 -1959
9228 -124
-5899 -6653
2791 -4451
6312 -6829
3833 1670
-9993 203
3657 -8494
-2377 -2410
-6656 1532
-5329 -844
600 6435
7274 -3822
-2670 2423
-3638 -3015
1127 -4007
-4545 -2069
-2495 -6114
7032 -5239
-725 341
-39 -264
3910 -503
-2546 1637
-5315 -3704
-8770 807
-4197 -2875
-3996 6980
-2532 -3237
-2982 -3657
-5663 -5869
2615 2352
9928 -1688
91 -4932
-1124 3497
-5944 -5402
9000 5407
-8908 -4898
626 -3857
-8388 -7815
-2138 -8734
-7270 -8166
7151 1411
-9286 8624
-7282 -5879
9770 -5249
356 -4746
656 7619
-782 6270
-5823 -4174
-1437 -6004
-1426 -5310
-3640 -5310
3297 7756
-6683 -3744
-2647 -113
-598 7655
-6797 -8841
-3739 -9570
9946 -2849
8117 6932
-2176 -4524
290 -7961
-515 -8164
-3797 -4635
-6122 -1800
1856 -6127
-6062 -666
498 -9976
4810 8426
6919 -1244
-1121 -6899
274 -9248
-6096 -4026
-2397 8958
331 9785
-5349 -2330
-7420 1437
-6429 -3921
197 9283
-9923 6211
5 -4813
-358 -8578
-7173 4217
4238 -1641
8500 -6080
-6335 -3166
-4124 8189
-2105 -3499
7961 7856
-1518 4970
2294 -6553
-249 -7771
1151 3331
-9234 3862
-624 -7138
-754 -2687
-1997 5869
1177 -7396
-3822 -5277
-381 -6536
-8119 7127
-3079 -5884
1824 5671
-1104 -6802
-6856 -9380
4571 -6517
-2717 4751
65 3322
-3015 -9299
2509 -8316
1864 -2057
5800 -7706
-9269 -2899
3013 -4046
-6818 397
667 -7469
-4591 5942
120 1264
-1540 2993
6356 -5741
4626 -302
8836 -7287
7769 -8292
1456 -5684
-3527 8099
5031 4576
6290 4054
6578 -5636
-1549 -5412
7302 -2326
-7640 -6755
-7683 -7664
-6892 -5659
-6009 -7857
1311 -5467
5341 -9013
-5006 5531
9847 684
-2751 -7981
6238 -6299
-4889 6157
-5372 -9228
5081 -6815
2099 4617
-6701 -959
9028 1002
-7816 2206
-5743 310
249 2381
5933 425
-5837 4362
-2638 7039
-5763 -8130
-998 316
-9758 318
-1294 -3220
-1427 -3948
5964 -1690
-1086 -1278
-5131 2038
-2411 -2748
-3993 5147
-2315 -5163
-4609 -9298
-7096 2357
5105 -9787
-5411 713
378 -1577
-8546 1315
-6697 -127
-7707 932
-396 -4952
2704 -4961
1000 -7105
-3272 -9024
-8929 -7573
5502 -3443
-5577 3589
7687 -6068
1071 1185
2858 5413
-963 7117
1191 -4023
1567 6267
-1317 5939
2581 -7486
9969 2350
-1107 -5950
-3077 -4617
62 39
1249 -4508
-1127 -7760
1401 -9627
4988 5776
-3497 -8022
329 -9292
6535 -3994
856 -1753
-4711 -9454
-9912 2355
-164 2197
-3269 -3256
-1905 2754
-9789 9986
-8108 -4573
-3689 8454
8997 -3563
-4341 -4180
-5717 -7341
-449 2660
-531 87
-3050 -46
-7770 -865
-1783 -7780
3066 -9331
-8451 -7482
-3766 -5679
4019 -4037
-7482 -8278
1951 -8593
-8157 -405
-9797 1123
-8018 443
-4739 -8439
5023 -7617
-9978 1160
-1520 -932
-8836 -9118
-8816 344
-4550 852
659 5056
774 -8451
-6163 -5680
-7228 611
8415 -5938
-1047 -2477
-8815 87
-1133 9767
-3999 -7234
727 -8723
-2565 2898
-6086 2469
-9079 -7808
-7580 8875
972 -1511
-1358 2999
-9236 -650
3500 -4479
1548 5816
4150 2632
-9086 5972
-4726 1588
-5498 -3120
-4347 2074
-4888 -569
-8447 -863
-5561 -205
1572 3747
735 6892
6615 6134
-5117 5739
-7751 -6516
-8436 -3884
5749 -8841
1840 -5324
-2319 9937
-8298 -6650
8648 7515
-1751 -5667
3355 4
2699 -7683
1987 -8339
9132 -2486
-9366 -3574
1819 -5242
1627 5515
-7459 -5195
-6441 -4132
571 -5148
4458 -9686
128 -1623
189 -824
-9276 -8212
-8435 -2896
-9245 6278
-708 -5747
9330 -1463
-8346 3256
-750 5504
2646 674
-7067 -2920
-3750 2226
2049 -1056
-1772 -4785
-1981 -8019
-1453 -2815
-7995 -3359
4098 1267
-5517 -4500
191 -1029
3291 -1836
-6385 -8515
-2332 -8943
6000 -6548
-64 -7940
-6321 -142
2788 -7927
9563 -3405
-7689 -9742
3673 5325
-9303 -6377
-9383 -6141
-601 8035
200 3098
4972 6704
-7320 5155
-8230 -9555
-5154 -7365
-1367 -3617
-4150 1359
-9025 -1210
-1828 -8380
-575 -5118
-1211 -5931
712 -4138
-8788 1502
888 -2709
-1982 -5223
-51 -8329
-6184 -6937
5207 6240
-3601 -5486
3975 2428
-8432 -5392
-8598 1339
-5987 -3254
-3210 9543
-3833 638
-6397 -9654
-9630 5218
-9028 -3823
-5002 7786
-2571 -9808
1784 -501
-2369 -7258
1400 -4479
-8005 -2590
9628 -3442
-2133 8422
-2035 1348
1711 -6485
2511 1733
-786 -218
2231 -3511
2643 233
-1735 -7040
-4710 -9523
3712 -3048
-2581 -5234
-7839 -7295
-633 -1321
6705 1871
-9600 -5088
-1834 -6848
-3954 1589
8284 -5537
5247 -871
-7414 -9208
4718 5515
-5164 8556
4888 4936
-5422 5336
6667 273
9936 -9487
-1024 6542
1383 -8573
3946 1298
-8148 6714
-721 1441
-1273 -1488
-1481 -4368
-4857 -4632
2563 -5907
4693 9050
9951 -9474
6982 -5039
6939 -7154
6165 8273
-6186 -1307
-6448 -8515
1244 9047
-7407 -9416
339 1888
-8209 6154
-7024 -7218
-4458 -8027
4399 -7968
-1547 1449
-8606 -8755
2967 8453
-9335 -2552
-9963 9790
-3581 -3485
3562 53
-9916 1106
38 -2844
4392 -2799
9222 -2551
2151 6120
-5692 -2201
-2070 -7282
-9013 -3703
8509 -1652
9263 -1176
-5659 5891
-6470 -8401
-1677 -3312
969 1405
-5255 -7345
-711 -8694
-6531 -5505
-5060 2478
9612 8388
80 -2818
2097 -5326
-5518 -4776
-2234 -3575
2190 -4478
4778 -4548
-6853 -4882
-3277 -8042
-8283 -6559
-2042 -801
4042 1363
-8411 443
-4918 -9447
-632 -6380
-5064 -5022
-881 -8615
1494 7295
1367 1543
-8704 -6489
-4565 1543
-4504 -2887
-2691 4760
-414 6691
-7883 -6929
2080 -5950
-2455 2012
1889 1035
-9586 -2322
-3643 4202
2286 6553
4004 -7383
3386 4664
-6528 -2348
-5279 1262
-8968 2010
2146 -2895
927 886
2079 8233
-180 -8594
659 -4683
83 -1380
-4763 2703
4436 9452
-9827 -2607
-9486 5477
-7562 1911
-1049 7627
-556 -3609
-1994 8772
-136 7215
5569 -6726
2899 -5394
-2276 -991
-7529 1142
-3774 3097
3508 -3824
-4058 4693
-4479 -608
-7252 -4547
-3623 -3222
-5831 -1742
-8087 8854
-5047 976
-7418 6128
-6464 760
-8092 7795
6851 1359
-9051 -3066
-121 -5695
-722 -7929
-8758 9866
-9919 2824
1857 471
-6938 9048
722 -8920
-9973 9955
387 6008
206 -4612
-5518 -4864
-3656 -4102
-5050 -1159
5068 -2528
-7578 9056
576 -3326
-7703 1951
-9300 2917
-1555 -4214
-9183 -634
940 968
-7300 -9122
-3220 2643
-8550 740
-1322 2848
-4082 4531
-1622 -4222
-1935 4653
-880 -6644
-3495 -1503
-1806 -6569
-5683 8873
-5368 3939
-5960 3351
404 -6335
-2819 -5935
-1712 -912
-8854 -4294
484 -346
-3537 4339
-6692 -4750
592 -1854
7545 8384
-6663 -4494
-633 5308
2482 -8037
1839 -5254
-5964 7203
-2546 -1547
-7685 9125
-3642 3351
-5572 -2350
8211 -1607
-3016 2133
-3008 -8565
-3630 -8806
-7781 2038
-6819 -6894
1255 8864
-2919 8496
-1775 2512
2208 -488
-2299 306
-2916 7801
-6687 3261
-5124 -3464
-7158 -4877
-3929 -7761
1470 -3511
-5488 -3466
5994 -2263
-5430 -9631
-7427 7156
-8259 -7639
-6692 7403
1401 -6640
-5321 -2097
6763 -2209
1884 615
-3698 -9038
9515 1251
1252 2423
1994 6303
-3355 -4814
5274 1642
-5641 4133
-1687 -185
9951 -1074
745 -7565
4503 4945
-5824 2920
-9504 9528
2466 2306
-8134 2296
-5603 449
-3374 -554
-8493 -5106
1146 2474
-3987 -2591
-8289 -4765
1581 2
-2664 -9302
-2395 -6802
9658 7019
-442 4828
-2892 -5102
3324 -4159
-3177 -4942
6232 -8335
-3819 1836
9774 7783
-1521 7406
-511 2855
-9401 -5382
5467 -3998
-9379 5288
-3967 -8230
-5576 -4690
-5179 2150
-5373 -7201
-6178 -9129
-5701 -430
4118 2556
1094 -3994
-7389 7044
-8058 -7006
920 -2365
-2227 -1311
-2660 -2154
1363 -4371
987 74
-1786 -6517
-3748 6105
2946 -2407
-717 1367
-415 -8653
-7976 -5012
-3467 -4837
-8 963
-2188 4282
4682 9091
-7374 -1566
-6428 -6245
2517 1303
-3538 3235
-8475 -4402
-6729 7424
-6877 -653
776 -6551
-4068 4945
5910 -1880
-5251 -3634
4636 -6045
3369 117
-5560 -2308
-3031 -200
7508 -3659
-7484 1365
-936 3096
3439 -1512
-6370 -5258
7654 -7614
-3082 -946
-4997 -663
-4340 432
-7250 -3616
-3082 2882
-3105 9560
-8654 -4796
-8224 4486
9328 -6353
654 1095
2603 5219
-5631 -7230
3262 -351
5058 -659
-1324 438
9885 9939
1057 4698
-2697 -7628
-9361 -5033
1250 -6835
-7108 -5138
5518 -8743
-4478 5750
3362 -6664
-650 5702
8139 -3600
-4842 -8267
52 2481
-4068 -6624
-7081 957
-5960 -948
1299 -24
414 1133
1727 1532
-2565 -6074
-9923 928
7246 7538
-558 -8518
-4716 -2270
9910 -9421
-732 -537
-9209 -3590
-9347 -2989
8835 875
6908 -4261
821 -8175
-4782 1664
-3153 7529
-4682 -4433
5466 -5942
-1321 997
-3639 2018
-6539 -2410
5749 2722
-7568 -4368
-4924 -4867
9441 9276
-4533 3213
-56 -7163
4630 -1129
6085 6940
9125 -2640
8619 -1062
1658 3711
-6607 2247
-2192 -347
-8245 4987
-3666 -4070
-9383 8740
-228 -3910
-9249 7368
-74 -8000
-4171 3755
-9954 -4175
1407 -2190
1526 701
1727 -4087
-6321 -94
-2903 -7806
-7268 177
6168 -1377
-2006 -7819
-9505 -174
3636 -8367
-9373 7906
-9359 -2071
-2297 -5103
-9839 -509
-8313 253
-3799 -4273
-2902 8419
-7285 -8858
9394 330
-8646 4271
-1739 -4897
-2756 -3640
-303 1949
-2640 2434
-9285 -2672
2082 2477
3769 -3718
1276 -6793
2737 3605
1664 3695
-5823 -679
-8908 3022
-8943 -959
-5668 1049
-4218 -7863
-1650 6656
-6600 -773
-5758 -2230
-7131 -5622
-2807 -1867
-8089 -3874
1824 4056
-5148 -8974
4549 2124
-8250 -1542
9417 9547
2218 1321
-8794 -6953
-8996 -9135
-5614 9054
-5117 -7987
8052 -7044
5784 -4292
183 -3999
8477 3406
5342 -3307
-4436 -8956
1495 -1958
-179 -9197
-1805 -3727
-7380 -3223
-8652 -3009
-6902 9811
8519 -1935
6643 1278
-1708 7101
6289 3837
5940 -6773
2367 -6421
1699 4885
-8928 -5807
-9322 -310
-5936 -9047
-6705 -583
-5317 8548
9902 -3059
-3091 -694
-2742 4819
9706 -2912
3264 8964
-3105 1711
-3893 447
-4808 -1470
-7019 -7242
-7917 6991
-8243 9868
3573 -1062
-4134 -8835
92 -4617
-7633 3711
-4491 7631
-6081 -4888
-9073 -6396
1587 -400
-5008 2488
2233 -8136
4358 -5749
-4705 7659
-5920 -4252
-3296 2692
-6914 2450
-962 -8592
-5498 5811
-6478 -6219
-2759 -3788
-8736 -237
2277 -1542
-1714 5930
-8100 -2111
1718 8445
-9723 3011
473 2582
6385 571
7959 -4919
-655 -1654
-5411 2173
-25 -1190
-8674 1576
-326 -8286
1125 -1797
5549 -9559
-5591 4190
3954 -5362
994 1468
-965 -2809
1371 -2685
-8591 8232
-5943 -9979
4009 -7001
3611 7906
-3628 8990
8979 -3798
-3435 -1648
6580 1917
6041 592
-1125 949
-190 190
3635 -7545
6180 9587
-7868 -2042
-6476 7199
-5556 7176
-1859 -1839
-7151 9389
245 -3785
-3595 6333
-17 774
-7830 -9455
-9646 -9828
7400 -7178
7851 -5947
-4770 1005
-8738 -7301
5413 566
1891 -5615
-9957 -370
7470 8721
-2226 -2154
-2481 -156
2199 -3785
1788 19
-2102 -3357
-6004 -6165
-9749 -3171
9125 -5978
1027 -6469
4951 -6488
-9261 -182
-5173 327
3624 -7692
4087 -81
8560 3806
7731 -5083
1772 4149
-3343 -9238
1254 -5974
-2680 -6206
4293 -1574
-6639 -8491
-4130 -3629
6038 -3530
-7891 -7244
-9976 -3645
-4091 4693
-7056 7788
-444 -9689
-3096 279
8074 -4195
-2390 -8702
-212 -245
6569 -4565
-9820 -9490
-8032 -2419
-3573 -8180
-1368 -8596
-2838 -7043
1773 -5261
2701 -1942
-5885 8700
-4967 -9067
6197 4912
-6400 -7782
4542 -8945
-2766 5108
-3141 6802
9814 -1118
-7199 -114
-9830 -2485
5611 -3460
5319 -2496
-2345 -136
-9480 -5470
7922 -1593
6732 -9692
-9967 -1828
-1030 -7534
2689 -580
-5371 1746
-8735 2112
-1520 5353
-5553 4411
7251 -9246
6495 573
-3793 -3414
-3725 8183
-6145 9471
-3352 -800
-1105 427
-9171 -5064
-4463 -9077
26 -6101
-5938 -1547
1438 -1385
-7686 -4071
-7527 978
2507 -121
-5908 -2234
-7861 1745
4397 990
-1236 6194
9503 2374
2331 -4976
9122 -1235
6264 -2018
6055 4142
-9371 -5371
2566 8208
-5091 9445
3443 7691
-2424 -7658
-1905 524
1036 1715
-2341 5627
9157 2169
-3918 602
2104 -5492
1751 -368
-4316 -5221
-275 -8889
-7909 389
70 -1805
-7376 -8835
-7202 469
-4559 2922
-8312 -3042
2134 1873
-3575 -1480
-422 2519
1764 -895
394 -511
-8810 -6855
-8484 1087
4227 7294
-3742 9897
400 3062
-4833 8840
-5901 -82
-7687 -5352
5928 -6752
5071 -1172
69 1850
6189 -4045
8592 5308
-866 1946
-528 1665
5345 -3822
-2271 1091
543 723
-8180 -3879
-3428 2081
8693 -2590
4236 3150
-1417 -1050
5128 -5792
-2771 3386
-5759 -4268
-2765 -9851
9045 6563
1325 1665
-5505 -8956
-6939 196
-4621 787
-8997 -2657
9290 -5936
-5832 3686
-4517 -6421
7747 5682
140 5599
-5128 -4412
3911 -484
-5194 -3541
-5585 201
8280 -5241
7413 -8247
8646 2639
7014 -2210
-5971 -4368
-7960 -3124
-9780 150
-6651 2527
-944 -1776
-5210 -1745
771 -6321
-6332 2627
-928 2480
6139 -6444
-2102 -453
-1919 -2573
-5251 -6294
-4587 2894
-4283 -7987
763 7087
-9682 -434
1511 6853
-3652 -7343
2103 -6617
-5444 318
934 -7786
-3429 -4063
479 -9630
-3499 -9838
-6065 -1840
-6960 -9839
-8482 -4933
7402 -9868
-962 -871
-5007 2309
837 -6465
-910 1477
-5384 -6329
8723 -2186
-6807 9136
6885 -4329
-7773 -9593
-3212 -4272
642 9125
8929 8753
-407 -9831
-398 -8841
2030 -7832
-1016 -7697
7224 146
4529 -5219
-8340 1431
-513 4895
6820 -6407
-7718 1773
-1950 -9085
-2991 2340
2692 2795
-4106 -7708
-904 8884
-5429 6263
7281 -265
2551 -9709
-358 -9758
-6851 833
8011 -2750
7983 -7810
378 926
1567 9538
3763 3427
-7977 -2272
1899 7847
-4886 3501
-7311 -1816
-6039 -859
-3737 -3435
858 -4182
-1424 -2448
-313 2350
-6294 -5038
-6157 -5773
-387 -8785
9074 -8432
-4844 2940
-2631 1943
-4276 526
-1453 9301
-85 -5084
2294 -7014
-12 5928
-1642 -8710
823 3250
-2792 -9869
-307 -6834
1642 -9137
1829 -5537
-9615 -3892
-7879 -28
-2878 379
3493 -2983
-6315 -698
4856 8321
2519 7157
-7861 -4893
7167 -8557
-7470 -4077
355 6956
-4751 2482
9484 -1895
-5742 3896
-2584 864
-4588 -4495
-386 -3082
5797 -1850
1511 358
-4397 -4834
-4549 5623
-3745 -1980
-7031 -2072
8563 -2741
2028 -2593
2902 -1393
-7014 -1373
3037 -8034
-2 -2842
-9468 7607
-9463 -6649
1342 7313
2052 3287
5545 -8001
2761 1979
2726 786
2355 8337
-5880 -320
-8237 2518
5738 -1788
-4380 7303
-4443 3270
417 295
1474 -6435
278 -6335
-275 -4526
-4331 -1938
300 -3962
7434 8664
911 8310
3152 9984
2663 6974
-2235 -5539
-7173 5596
8059 -7737
1241 6199
-1327 -2861
-2102 -5792
-350 -3617
-9431 4375
-8932 -6415
-6155 4753
-5228 -8229
-6011 -2472
7480 -8383
-1156 -5580
1636 -7682
1470 -3479
-7431 -3868
-8607 -320
2155 -1694
8135 6379
-8870 8043
3659 -5437
516 3893
9657 116
2328 2463
-1084 476
942 1686
5138 6256
-2411 1370
-9062 3743
-1075 -1571
690 9147
-4201 -9396
-6526 -6379
1642 -5008
-1187 -6392
2151 -969
2288 2489
143 -9745
-6437 -1027
-6765 9267
1761 8220
-5429 2057
-2501 -8076
-4853 -6038
-1039 -2527
-5900 -7964
-6037 -4036
-1529 253
-7099 -7582
-288 -1831
8386 6902
-960 -5762
-4894 2217
-438 4406
3671 -3943
6643 2548
-7852 -7592
8884 3099
-4153 1167
-6015 -3909
-8983 -2654
4607 61
4883 3317
-6414 -7423
-4621 -5617
7924 -2043
-1473 -5026
2157 -2615
-4695 -1476
7103 -3214
-3148 -2127
161 3212
-2746 -7528
-4529 -3469
5983 -7994
-2848 6803
-9079 -3288
2424 -9074
-3633 8941
-9410 190
4019 -7163
-7632 -5092
-8069 -3769
-9994 -9919
-8212 -4967
3925 -662
-8998 -1077
2310 -4415
-3873 -539
-6778 -9958
1962 -2301
-3090 -2501
-5639 -1603
-2107 -5440
-5942 268
2613 8061
6574 5482
-9733 -3386
6783 7706
-4157 -949
-204 -2392
-3212 -5560
-2189 -431
9128 -1956
5222 -6106
-7841 5592
-8367 -2643
9204 -9765
1666 9609
-5808 2395
-4310 8891
-2467 6278
8203 -7735
-1091 6634
7827 1661
-3395 -3854
-8024 -1807
-1948 -2958
2756 2635
7569 -7611
-1596 7907
2372 -6123
-3365 -9140
4730 -6118
3340 -206
95 1830
-3817 8865
-320 -9951
-1293 -793
8415 -9967
8062 -5477
-8790 -1667
-3311 -5187
-5395 -7471
1272 639
6567 -7228
-5824 -5819
1243 1560
1329 3945
-9367 738
1758 -2750
-1092 -3765
-4678 -1594
2596 -7530
-1938 -7122
1735 -6621
1513 -7591
2259 2163
3095 -6733
-9992 557
-6347 -9737
-8492 -7072
8451 -6829
-2706 2346
-3366 -2421
-9497 2681
-3295 -9183
-9394 1552
-9925 -109
-9261 -1012
-7421 -6843
190 -792
-4005 -7167
7105 2077
8833 -7332
9579 -3250
-9853 -7654
2526 -2749
9012 -3051
-892 372
-5505 -8646
-2850 -8824
5372 -2891
-3076 -1378
2273 -9073
1620 -5363
-2949 6004
-372 -8441
-5187 -4230
6778 -9597
-9353 5438
-2993 -8997
7563 2961
5135 2483
-6180 7060
-6363 -5956
-4888 -7137
5364 6647
-3176 -8408
-9264 -4675
3701 7746
-1874 -4897
-7395 -7612
-198 -9558
-4938 5356
-8472 -8179
2691 -8221
1581 -3586
-9036 -3197
-2098 -2279
-7293 -3338
2361 -3958
5244 1089
-6381 -9202
-9700 -9727
-2255 -6187
-7298 9045
-2101 -6037
-9454 -644
7758 -4329
399 -4576
-6414 -3869
-3478 -9261
-7349 -6883
-8024 -8968
-2461 -4515
-1552 -538
-2104 2248
-5628 6408
9601 -4012
2449 -3063
-1817 -6098
-4123 -2322
-4974 -1160
-415 -5500
3378 -8041
-8336 -3268
1631 -7284
1111 1908
-7597 -2783
-7828 -263
2742 2342
2923 9705
-7078 -9956
-8697 7197
-9784 6931
-3745 1447
8954 7983
850 -1032
-7189 -6448
-5229 -1275
-7860 9362
7328 -3029
-4743 1617
-8241 -112
8619 -6447
-2006 1164
-5809 2750
-4578 2185
5719 5551
7566 -6777
-5649 6225
-9587 -5789
1490 -1119
1804 -3144
3774 -4039
-7600 -986
5126 -4401
3047 -4782
7111 7994
5021 -1873
1917 1239
-6934 3260
3478 -8181
-4593 -2227
-5369 -3606
1249 -8818
4574 8823
-4508 -1051
56 -9076
2875 -2248
-3117 124
2335 4591
711 -7336
-6193 -1445
-4783 -3409
-8985 -3849
-1488 9817
340 -9106
-3053 -8522
1446 -2115
-9166 -8302
-8537 -2533
-7331 -5204
-7765 -7306
50 2712
296 -2241
-2445 1377
-8151 -3703
-4362 -8717
-9923 -7315
5119 2808
-9963 -4270
-8085 8641
3790 -6900
-2610 1543
2284 -2750
-3360 3794
-7192 -7372
-364 -3430
491 -6979
4169 -3956
5787 -2859
-1276 -8752
3925 -4485
-515 -3543
-3876 5777
-6727 1628
-208 -2521
-5992 -9739
-4349 -5859
-3184 -282
-8696 -1629
1658 -7952
-787 6916
2923 -2777
-2485 -9182
709 6994
-7909 323
-1297 -6383
-4885 -1363
-5341 -3614
-9998 -2610
-9113 5924
9856 2559
2270 -5731
-3591 4137
-9089 -9478
-701 9833
-4442 -970
94 7504
-5270 -579
3508 4750
-1969 368
-7023 1424
-3908 -821
-2315 -6329
3632 -6459
-7513 2316
5617 921
-20 -7327
1477 -2077
5881 1209
-9884 1900
-5531 -6470
-850 -5654
-6878 -1502
-1831 -9054
-2226 -7672
-9907 2479
3236 -2971
-6828 -5177
-9767 -3598
12 -6404
-3548 1203
1567 9728
-5443 -4395
-5227 -8947
6602 2100
1320 8612
4117 -864
536 -1963
2530 8161
-1664 -2530
4256 -1160
1993 -9929
-8547 2344
-4099 1485
-5697 -4075
-8065 2029
-8047 -4532
-711 -4956
-4614 6915
-7402 -6075
-5100 -6750
-4911 -3926
-1508 -4829
-1042 9950
-6427 7221
-3225 -2981
9842 -9881
-4950 5232
1700 2275
-2239 3525
8848 9113
-1327 -5247
-6091 -7618
6856 -9780
3372 8244
9296 1073
897 -3668
2281 -5178
-7519 -7607
-4586 367
6996 -9433
9783 -33
525 3612
-7209 -5055
4608 4189
-4089 4887
-8076 -8315
6794 -5280
-39 1681
-9518 959
-4869 1775
971 3002
-9801 6105
6359 2208
-7155 5948
7578 6606
-9897 -9986
-8202 -5420
-7527 -993
7738 6003
-934 6847
-8810 -5366
-8238 7137
1235 -4686
1540 -9970
3904 5318
-6386 -2531
-5136 -2745
-5026 5329
-8926 -993
-3481 -6781
-5119 1956
-1547 -5694
-2450 -5760
-739 9305
3546 8398
-7783 -1296
4728 -281
1235 -7723
-238 2495
5567 -6212
-8229 -759
-2515 -3100
-8955 -8190
-4353 925
-3372 -1652
-7688 -2329
659 -4327
-4138 -5348
7141 4684
802 -6415
-3297 -6374
-2234 -7624
-4204 -554
-9378 9994
7440 7118
-1711 7939
714 -1744
4513 -3346
-3117 1681
898 -8796
-332 -7057
-8024 3311
-9992 -3179
5476 883
965 9535
5488 4239
-9007 7455
4904 -9824
-7118 -7297
7612 -1817
470 -7384
-5789 2700
-6188 1315
9874 -605
-9117 5085
-6802 -4754
522 6160
-866 227
-8072 -2336
-6844 -7473
-2443 -7997
814 1435
-5896 -1147
9384 -3121
-8006 -5430
-1004 820
-4886 -7147
3325 -7554
-3869 -5815
-6617 2793
-8389 7278
-3957 -7549
-194 -6281
-3485 -949
2715 6433
-1439 4345
-4260 -1282
-1084 5886
1020 -1709
2445 -9651
-5484 6943
-5489 2426
-6762 1501
-5050 1249
-3586 -6709
-2199 -3862
-9531 -3284
6723 -4244
3512 9227
-4674 -1808
-2967 -1599
2369 -3048
-284 -2407
2107 -2849
-5979 -2254
1888 1986
2120 -3163
8533 -6400
4000 -2872
1126 -2658
-1844 1873
-544 -3506
4456 -3873
-1989 -8816
-2080 -6891
5880 2137
-3158 -2424
-6484 6196
-6028 5500
4571 -4665
-7941 -2070
8233 9047
7390 -3611
7309 5486
7698 3645
-6777 -6884
8535 6595
3155 -5765
-9365 -3026
3710 -8
7454 1981
3128 1455
2470 -8834
267 -682
1140 -6641
-9333 -4452
1382 8291
1327 -1517
-7874 2855
7263 -2995
-8077 -4603
5326 8963
-8826 -6295
-7190 7515
-8328 -6078
4178 362
-8710 -6261
-7801 8952
-5691 -6581
-6395 6020
-8628 -4486
2164 -2712
-4466 -219
9275 -289
-7120 -8621
9460 5923
-4597 -4536
-1914 -8869
-2783 -5430
-3026 -6667
3062 -5789
-4737 -5359
-2179 2471
-9907 9055
-1648 -5450
5540 168
5732 356
-5602 9523
-804 -7913
8436 769
4349 -3312
-396 -2213
-1374 -6034
-6827 8333
3184 5679
7143 -3534
5901 2745
-626 -5134
-883 9080
-8783 -6039
6189 -6487
-5363 -214
36 -7530
-3280 -7164
2646 6402
8963 -7837
8747 -1368
-6425 -1318
-1249 -3009
7747 6208
5884 1409
-6084 -4999
1349 -1300
1639 -9993
9235 5128
155 -3584
-3290 -3702
-5045 -1871
1012 -9512
-718 -4413
-2074 -114
2031 1325
-8029 7713
6355 -6454
-5300 -6174
5529 7325
-6965 2949
5302 338
-3834 2755
-6255 -6809
-1320 -5475
596 8011
-63 6562
-5661 -155
2908 9234
-4819 -552
-6254 -1565
-5695 -7387
9134 1252
-4125 -4910
-3471 6337
-1505 -8822
7110 -5082
-516 -8347
2712 -8441
8405 7242
-5598 -6464
6404 -4654
424 7768
1664 -722
-9115 -2420
2153 6636
6116 -5015
4545 85
4562 7225
-835 9339
-5644 -5950
-7588 -5807
1493 -5717
-6249 -261
7875 -3968
-646 -8087
-9125 -3688
-3918 -1667
1089 -650
-5944 2165
4853 2285
-4659 5445
-8894 -1561
1462 -3579
-8199 -6809
-3799 -9909
-8866 -3698
8536 9722
4321 -2405
-4433 -2373
2447 -9706
-4183 -3349
714 9359
-7225 -4267
-9546 -3294
2435 2241
-4363 766
-5470 -8050
-4074 903
328 9531
842 -2632
-1167 2764
951 -9908
-5315 811
176 -705
2571 -2802
-2716 8273
-887 -4936
-1482 -2933
-2965 8546
9870 -4955
-1254 -902
1582 4487
-3089 1068
-4921 -5713
-2560 -8511
-1876 -2446
-3686 -4986
6887 -2234
-5839 1902
-2676 -8289
5971 5338
-9461 1560
7747 4920
8105 3413
-411 -3382
7985 7239
-4043 -5207
-826 1104
-1219 -2807
1437 6472
4582 -3170
-2391 9438
9775 -6656
8695 -6206
9596 2667
-8453 -477
5456 553
-2966 1557
-7681 -780
2506 3029
-2499 -6889
-8185 -6800
2523 -6155
-345 -7679
-7853 1868
2400 1305
-7134 5947
-1368 1060
-9483 4802
-6579 -2006
-6425 4168
2311 -237
-182 3587
587 -9906
-1084 9587
-8799 -9869
-9220 6192
-6024 -5656
6229 6630
-3752 -9503
890 -1122
2040 -3092
-3878 7231
817 -7188
23 -3020
947 611
-9223 -2833
5527 7350
-1976 6798
-3852 -3956
-5350 -9890
5654 9591
4074 2878
7148 2518
-9654 -1243
320 5882
-6470 -1914
-6579 135
7513 466
-5300 1277
-6661 -1985
9519 -6600
-4165 -3416
-910 9557
8147 -2444
-8497 -2985
427 4572
1009 -6904
-562 -9273
-3157 9379
-829 -7239
-9239 -4462
3226 2668
-953 6579
2917 -4868
-7199 -8447
1225 -5110
4683 2384
-4523 7033
4578 -1224
1203 2077
7266 -650
-7364 -4619
1626 -9776
-1967 -2154
1405 9783
-9209 2570
2906 -5582
-6685 -9192
-2354 568
4774 -2362
-3144 4926
-918 2365
-9650 -8750
6382 -9940
-1682 5287
-7153 8815
-3113 -7405
-232 177
1081 1205
-3270 -7120
-2454 90
4319 -2656
-4229 2593
-8228 -7693
-2614 702
3782 -8681
-487 -4963
6950 -4256
-9505 1800
4559 -3096
-6914 -1046
-9393 -2156
-587 -1132
-5275 761
-5066 -6913
-8494 -3905
2042 -1836
-5645 4868
3124 -1975
-8786 -8028
-4572 -3987
-8342 3672
-6291 -4890
9508 -3588
-5304 -4808
-5729 -9802
5338 296
-7812 9779
-6044 -9278
8043 -9676
-4806 -1960
8513 -2774
4502 -9396
-5174 8157
2413 5488
1664 -6541
5602 8108
-6084 4655
-9478 1792
8845 6296
-7408 -9301
8039 -4963
6282 -3349
-66 -6987
-2004 2213
211 2827
-2453 -1113
-6994 4857
132 -20
2381 1620
-6930 -6816
-2213 8201
-3731 -3740
4324 8391
-4215 -1451
-8312 7869
4959 -7512
-7825 677
-9194 6009
828 2017
3541 -3868
-7259 -1916
-334 -1965
5953 885
-8562 -4102
7459 2128
-1793 -3873
-1114 8173
1390 -451
-2326 5925
-989 -501
-5058 -3086
7101 -2695
6782 -6698
8550 -8517
-737 -961
6503 -3223
-760 -7159
1208 -4219
-5340 7749
-2406 -1602
-5707 5177
-4312 -7243
1675 -8569
7755 -5281
-2987 -1997
4462 5579
7383 -4705
-7310 -444
-5316 1561
67 -4232
4270 -2057
-9910 2714
-2267 -8158
5507 -7995
2140 8433
-5998 7330
8138 -5737
-174 -4436
-6961 -3424
526 -8910
4717 -3240
84 1149
2426 -116
-4538 690
-1965 -43
-4877 -7782
-4942 2066
-9658 -9824
-8893 -7083
5117 -2757
4980 -766
5500 -7027
9739 -8493
-4157 -6774
-1028 2751
-610 1181
5883 2332
-9733 -9848
3663 -6366
289 -1877
-5528 3762
-8993 6535
9939 -873
-5565 -4797
-2261 -5332
1805 1614
8241 2527
-1310 -7354
-6369 1492
2021 8473
2874 -4820
7939 6250
-601 7943
-5843 -5578
-673 -7192
-6196 -3689
-4570 6873
-9616 -3224
-2600 -913
-8695 2571
-2972 1550
6554 5896
-3906 2928
-8693 -362
912 194
9246 -5313
-1680 -368
4292 9055
-2056 -5182
-5423 8141
9522 -5785
-6227 -2627
-6638 -7119
-3796 6117
3337 -2015
1025 -6977
-3369 484
6798 -9553
-2655 9437
8383 -4027
2627 -1178
8696 -9627
-9241 2418
4939 1093
-3081 1109
3567 -2154
-2705 -4795
3565 -3993
-3785 2306
2333 -4378
5519 -2059
-3503 -3960
-2004 -4683
-816 748
3746 -6705
-6682 -2053
-3614 -25
-4775 -846
-4185 3162
-801 -4637
3819 -9178
-4849 729
4799 -8020
-6155 4571
-8741 -171
-8150 -8525
-878 8851
3458 8143
-3638 6825
2344 167
6154 -2642
9576 -7712
6357 -4051
139 -8528
-4553 -5200
-3544 -6397
8861 1503
-5736 -6434
-2870 2980
875 -4766
-5978 5361
2586 -557
-3271 1156
477 -3718
-4774 -7287
-6946 4423
-7167 -6048
6221 -1701
-573 -9567
9493 1189
95 -1955
-8306 -949
-3948 -3449
-6636 -8980
-1514 -1741
-6247 -9404
-4479 -2562
-2249 -9585
-4435 -8625
6185 -5551
-6429 379
1146 -5642
2222 -7441
5149 5717
3509 -4886
254 -5478
-696 -7544
-1735 -1852
-2343 -3705
8587 -7124
-9522 -9885
7173 -6936
-6668 -2939
-6392 -1297
-9738 9340
-9651 -7394
2478 1386
-5404 3162
-8134 -7870
1088 5782
-6925 304
4144 2807
-5510 -1862
-3183 -8394
-7500 -3707
-7485 -1497
-2344 -4772
8665 8248
-6714 2156
-2667 -7333
7323 -109
-9965 2215
-4254 -8549
-9404 -5316
2253 -9535
-5634 -8762
-9148 6011
-3438 9732
-4452 -9798
831 -5591
7660 3500
-283 5155
-9091 -7484
-1412 -9510
7776 2046
5318 -8677
3428 -515
7906 -9291
8200 1528
8322 -412
-7027 5909
-7393 -9203
592 9172
-5108 4105
-6825 -4624
9385 4741
-1526 1793
1209 7976
4068 -251
-2634 -4361
-8087 8512
-9597 -1194
-102 6818
-543 -7440
1223 1192
3398 -8039
6565 -9883
7340 210
-5696 3650
-7034 -7379
-685 -4604
7160 2289
1301 4750
-2777 1696
-9930 -3066
-3441 -6185
-5398 -9732
180 6070
-4539 -7800
5786 -7328
-1080 -4749
665 -7291
4667 -4710
-8149 -1570
-9444 -6994
-6168 1561
6710 -9153
-1099 2710
-938 -9894
-2792 -1071
-2438 1232
-4977 5570
-8693 5721
-6847 257
716 953
8052 -9779
-2509 -7326
-5823 622
-904 -5830
3334 -6855
-9365 -7809
9754 7861
-3413 -9912
-5050 1468
-9836 -1939
7058 -2588
8761 6506
-2786 -1505
211 -8096
2578 2560
3672 -2756
-6985 -1346
-9681 -6180
1672 -7619
-925 -1649
-6493 6315
7926 -8611
-3323 8041
-3496 -5209
-1515 -8309
-424 208
-5345 -5534
1594 -8996
420 8919
-6710 -6153
5391 -2406
2512 250
267 -5379
-4347 7049
-4364 -8518
-7067 -5568
5228 8636
5764 -7824
-1937 -3491
9734 -59
5512 -6453
2218 -2166
-8443 -1936
-1370 7982
-5239 9138
-3687 2440
513 2329
7293 -4775
2233 3504
-5540 -654
5007 -2387
-8059 -4906
8647 -460
-5954 5825
-4479 24
5884 -4471
4873 8707
-2127 1923
-8690 -4231
1541 -3223
-4043 -7048
-9464 -3429
-9458 547
-7289 739
4167 -2272
-4035 -5378
-4833 -8259
-756 -6440
-482 -5574
-3540 7767
5412 -9533
-2493 -4069
-8993 2045
-3723 2084
3905 -1437
7710 4500
-7440 8433
-3458 -6250
-7169 -7775
-3595 3136
9694 148
1487 -7979
718 -1740
8161 -3634
-808 8503
-587 3130
-6690 -2394
-3742 -9469
-1582 -65
-6272 -4076
1317 -1288
-6374 -2889
-6813 -5915
-2364 -6045
8413 -3077
2351 7607
9734 -6570
9531 2080
-7293 6680
-8883 -9407
1853 -5357
-4127 -6029
8473 -9207
9506 9258
-23 -9742
-5225 -7557
6436 -2562
-6816 -4421
-7948 8219
-9086 1322
303 -679
4702 -5648
808 -9332
-9303 -7738
9702 6098
-3752 9400
8981 5526
-166 -7959
2139 -2732
-9046 8119
8622 2398
-9467 -9663
9669 -2754
-2311 6951
1740 -420
7263 2449
-4804 3683
7786 2419
5034 -769
-8928 6959
-4353 3498
5257 955
-6808 -2969
-6459 484
-5234 2158
4483 3667
-9880 8938
-5168 -305
-7664 -3169
-9684 -8412
2132 3952
-6941 2562
1774 -2304
-4966 -1367
4598 7991
-2231 259
-5226 -9017
-4440 -7726
-66 -6224
-6963 -7859
-9511 4641
-8619 5765
-4161 9503
-4704 5836
-9491 -5525
9954 -2376
-6830 -6913
8471 9348
-2068 1401
-7177 -9639
7282 1788
-8309 3179
9459 -6989
9215 -9082
-5281 183
2616 9547
-4572 83
4807 4821
-2788 -314
6110 5473
-3292 808
9059 -7955
-8528 7473
-5309 192
-1987 1654
-6135 -8949
-6296 -5803
-5233 -9106
-3170 -844
147 -2242
-4109 5573
366 -602
-2314 3437
8098 4555
-3195 -8955
4178 5013
-5635 -8417
3030 -3158
2645 1869
6702 -8899
5579 1503
-649 231
-2689 -6932
-8356 1045
3231 -3117
-305 8675
7394 -8158
-7368 -1914
3513 -5226
-3539 2000
-1053 -5052
-7037 7792
-32 5976
-8093 88
-3800 -5764
-5023 -1149
637 -9188
-8727 6902
4382 2215
-8165 2663
-1314 6008
-3399 -8837
-1227 -8682
-450 -1068
-556 6520
-4719 1963
-8130 -6803
-8583 -5926
2613 -2789
-6860 -9602
-3821 -3194
-8989 539
5179 -9900
-7128 4448
-433 -273
2035 -5524
-4797 -1301
4249 496
6866 -3864
9511 6647
-9841 1753
-5419 -4667
3871 1862
-2178 1052
-8315 -3600
8814 2468
-9475 3315
5629 -5973
-2355 6705
-6276 -5973
2041 -5876
1037 4908
-5993 -2221
-6568 -7510
-350 -3903
-8069 1176
-4910 -9629
-3742 -6460
3308 -7015
-6824 -9923
-6986 -226
-7108 6003
1710 -9301
-393 1342
-7077 -1383
-6420 -2655
-5116 6502
-2415 -6224
0 -7111
-7650 9040
-370 8041
-2748 6622
2886 -7076
-7617 -5902
-3089 -7124
5039 -9499
3346 1454
-4956 2321
-2194 2933
-6952 3129
7886 8949
-8703 9417
-4296 -4380
-7482 -3873
72 4326
8306 -7415
-6788 -2456
2471 -8751
5873 -4916
-330 2295
-1298 -3417
-3540 4765
6943 -4856
-1490 -5015
-7515 7195
1544 806
-4148 396
-5790 -1428
477 47
2165 -7135
-2443 -2497
-8451 6112
1334 -8314
-5457 -1447
-1636 -5123
-7764 -3271
-6157 2356
-2954 -9460
-8249 -7564
-4989 6400
-7749 -7837
1712 1644
-7874 6312
-9544 6448
5243 -3985
-8891 5663
-9455 -2577
4198 -1318
-9469 746
-254 -2113
-1649 2677
1611 -3454
7556 8250
4662 -4806
-5072 -9958
2603 -480
-3560 790
-3272 -4621
2925 -369
9419 2464
4411 -7668
-9505 2048
-4734 6973
-1450 -5631
-7062 2046
5384 -6166
-8653 -6018
5659 -5799
5131 -4480
-1804 -8048
-9916 4257
-3251 -9392
-2779 -772
-1977 8676
1983 -8822
-5950 2113
-7549 1006
-278 -7988
-4526 -5840
6004 1629
6293 8872
-5750 -4862
1006 7710
-9277 999
-9777 -5841
4791 -5195
-1654 2034
-4143 3704
-408 7900
-7482 5126
1182 -3103
-2523 1437
-3332 2780
-785 -4757
-1400 -7887
905 5620
-4373 3249
-4304 -6992
-1494 -3170
2252 -2285
6552 1199
-1848 -3631
-6551 2678
-2559 1697
6922 3199
-6308 5249
-7312 5084
3005 9787
-2801 -96
-2346 -9946
1292 -920
2237 -4112
-8428 1473
7329 -2725
-6834 -7803
-9666 -3259
3438 -3128
238 -1043
-5045 -9390
-3581 2482
9876 -4210
8818 6494
6815 9155
-6958 -2941
-7454 -3872
-2490 9989
9414 125
8087 2520
-9640 -9729
-4986 235
-5407 2557
-4768 -1754
3033 -9855
-5966 1807
-4969 2609
5119 -9965
4716 -465
7888 3236
8626 7645
-7061 -6306
1279 -1595
-4952 -7250
5278 -3496
-7744 -2155
1055 1717
-8826 -1655
3309 -3764
-5382 1244
321 4260
-9220 1090
-1099 -6662
510 1645
-6692 -4662
7453 -453
-368 4211
-5615 1747
-5204 -6505
-5213 -7029
-6820 9056
7647 -8659
-7215 9
-3510 -9476
9049 -549
-7499 -5774
-4114 -8809
-4493 2667
-2835 2580
-8569 -4857
-2421 73
-7678 -9109
-2205 7629
-2452 -22
-2669 -1411
-3264 2211
1096 -9026
-2659 1963
-6954 9156
-7335 -148
-9235 -3694
1369 2829
-2392 -1117
7039 -8972
-4825 2472
-4796 1673
-7712 -654
-6138 -4803
-9710 -973
-3837 4300
-1286 -7616
-7002 1726
-8246 -6662
-3711 276
9398 1902
9660 -6431
-3376 -2279
45 -5065
-2729 2319
-311 -8572
268 -2498
9946 -7076
3333 271
-6606 89
-955 -2579
6910 -7137
1611 617
5630 -3067
-1206 -420
-3148 -910
-4998 -274
-8773 1380
-8756 -7496
-2470 -8265
8420 -5851
8793 7747
-9310 -9954
9491 1127
-8863 -1306
-2899 -955
-3100 -5822
-8890 2670
1517 -546
-3985 2943
-9392 -8980
1565 -4404
3080 -7154
-5091 -2852
1224 118
231 501
-4267 -7637
-3754 794
-558 -6865
-457 -2638
1724 -8032
8352 6315
-6857 -1444
259 -1506
6760 -664
1027 -971
-7963 -5903
-7931 -3542
5225 -7020
-6261 -1102
-3155 6844
-6339 -3718
-3277 -149
-567 8304
3205 1083
-4019 -5051
-514 -6588
2610 -5230
-2650 6625
-580 5657
-8732 -562
-1441 -5843
-2865 2069
-7052 -7275
-6906 585
-5460 -115
-9631 -3150
6276 205
1735 -693
-3239 -9523
641 4392
-6210 -8407
3343 -2148
-1940 -5790
-8295 -2118
-5094 8326
-5431 442
-6931 -5775
-9129 -8386
-4879 -2316
-8827 4853
5161 4757
-9491 6656
-8829 1174
8407 9396
-6801 -1094
-5905 -6849
-1870 -5531
-3881 -5618
-554 9668
-8551 4174
6596 -1554
-9281 6226
-2731 2057
-8730 -8235
-2011 -9297
9552 -3520
1705 -4910
729 -9330
-6685 6942
-1715 -2483
1971 7646
664 2568
-8432 -4862
-4834 2531
-233 -7969
2732 9703
-2685 8503
4910 479
-642 -2597
1731 -3327
-5481 4463
-8850 2129
-5931 -5075
9870 1187
619 268
7440 -192
-980 2145
1123 202
1312 -5369
-3796 1635
-6952 188
923 3787
-5473 -2932
-4834 -2679
-5903 4177
7637 76
624 -7813
-8282 -4494
-6827 6925
7058 -8216
100 2760
-9689 -557
5155 -9684
5463 -2961
-788 -1636
-4983 1462
-5664 -8351
-2161 -6365
-9665 -3982
-424 5143
-2730 1523
-3642 -6404
9624 -6821
-158 745
-9040 8986
5103 -2235
8949 -1733
6940 -2737
-8865 -8538
5662 -1891
1753 6761
-1474 6051
-7528 -840
7278 6039
-5749 -7757
1826 -6157
-7084 -5561
-8291 -485
-6058 1751
2473 1791
-5138 -9603
6027 8482
-3769 -4981
-8106 6684
7049 119
-2625 -899
2833 -6441
-4591 948
4551 1321
-7742 -1553
428 -8522
-1563 -3485
-1133 8695
6722 6927
1714 -1704
1091 252
-8360 -4323
1072 -1593
-6047 -3741
3645 -8446
5704 2216
-1758 8055
6524 -6963
5483 431
-4074 -2502
-527 -4877
426 3
-1238 -6704
1212 -4086
-1892 -9952
-5355 -3483
-4456 -9689
-3690 -4798
5156 -7333
460 -1464
-4807 -2776
6469 7840
2351 -9101
-3998 -1677
1397 1981
-1491 -7083
-9627 -3478
-2324 -8125
-9481 290
7063 -2583
-2667 -6248
-9849 -9337
4048 -3414
-625 -5419
721 3208
9808 -8284
-9326 3320
-3033 2311
-6994 -6856
-2614 -2446
8629 2886
-7533 -4735
-2683 4381
5787 -7235
-4042 2337
-2677 -3013
-7692 2493
-2481 8293
-653 5195
-2100 3580
8350 -7372
-4844 -6562
1520 -7336
-1385 -4891
9959 -9040
3132 4945
-7275 3633
6225 1927
185 -3372
-4225 3353
1230 5781
-6079 2568
-5374 5849
-3786 -2489
-7447 -3469
-2795 1666
-3853 8648
7073 -7041
-8005 -4879
1085 -125
-5054 -7135
1409 -4744
-9636 6216
-5234 1678
-2999 -1993
-2241 -2368
-5754 5701
-5728 -6504
3397 -1486
-7965 -7499
378 -5814
9169 -7540
3128 -1429
-6466 1773
-9732 -9013
-4928 -56
-6617 6964
-7743 3792
-7246 1361
8563 -7010
541 -8850
-2429 -9863
-5944 -1318
2353 4340
8646 -6928
-737 2456
-5937 -3977
8392 2052
3061 -5177
-76 -2542
-6503 7597
5065 -4419
-1794 -7983
355 -8064
9470 1301
-8121 4031
-7203 3808
-5388 1484
5307 -2724
-2372 -6173
2381 1693
-1486 -4585
-4018 -4124
-3965 2385
-6606 -6750
3498 -9098
-4485 1025
-8961 3976
7728 -8097
-4976 -5616
2922 7004
2771 -5638
-7791 8855
-3238 -7167
-57 -4461
-1112 -9619
291 1664
579 -38
-5888 -5385
1514 6172
-6441 -9018
-1079 -6465
-8085 -9459
-7701 -7981
547 2856
1295 840
1117 8174
-5218 -1226
6433 -8487
-8996 -1343
2740 1799
413 -6181
5582 928
890 5226
-9042 -9223
-4732 4747
-564 -5895
-1736 2871
9423 7994
-1900 -2010
-6592 -6542
5001 7089
-641 -3982
2481 -2084
-427 2127
8963 -6029
9610 7583
-8028 -6348
-7625 7014
-7712 -6354
158 -4526
1530 -855
-3879 9987
-1760 -8570
-5167 -9872
9795 -4601
3344 2950
454 -5006
-8680 -2286
6996 -6797
-7819 8928
-7562 -5664
-9007 5924
8197 1856
4007 -7430
-515 8206
2650 -9750
19 91
-7610 9422
-7031 -9422
-6697 6262
-8544 -3616
5529 -9844
-6163 1428
3504 7476
4942 -8093
-7670 -266
-4898 1391
1233 -8641
903 1800
5797 -4636
-9864 -2029
-9495 -9080
9784 -3061
-2692 -4448
8442 -7771
4523 -3850
946 -4455
-2875 -981
3206 2109
-4752 2721
6728 3764
-998 -6985
-6429 4552
3666 -5611
1235 1011
-488 -1717
-8998 -220
-9678 2038
-7407 -192
-7455 3875
828 -3929
-684 1046
9921 -8360
-2725 -8627
9562 536
-8514 9600
-8983 -4561
398 -5940
-9204 -7917
-1700 -7439
8593 -4983
-9398 -3431
-981 3785
-7393 -3110
4005 -8094
-7169 541
-9066 7870
1337 -3521
5526 -1337
-3965 -5832
-6991 -6486
4451 1307
3034 -9477
-6065 -8419
-7327 7257
-7560 -6150
