100
-983 -1000
-380 -40
692 -44
933 624
-553 554
632 974
-484 587
373 227
772 742
-734 -667
-72 -532
892 -89
-446 -975
-444 10
860 -699
28 867
-455 612
913 -529
-285 859
523 165
581 412
915 -357
922 243
533 -964
-586 -854
-906 -408
276 475
-681 412
-289 -204
-853 915
-12 -897
885 941
471 530
-922 544
-154 757
630 -820
684 418
512 -141
295 178
563 -503
-693 -683
-651 -472
551 498
299 295
745 -528
343 -100
814 -301
161 576
-211 -868
250 338
261 10
524 -722
-413 38
-778 111
361 -66
183 642
475 463
760 -386
-309 -776
-577 -559
136 -963
225 -84
-93 -423
744 -78
626 -472
-250 -291
888 -828
120 146
-44 702
-594 582
761 480
522 -416
-386 832
-153 -448
-457 -537
924 -959
500 -862
-335 -388
-951 -887
465 749
174 -433
225 441
567 74
272 16
54 883
143 -384
655 -401
-189 -790
-819 639
-151 -791
-61 -91
-23 368
982 -999
-978 562
-295 571
261 -632
-775 -167
-652 -753
-646 -29
173 -335
